P044	2,260678406	2,298655442	2,236736194
P045	2,27492375	2,293608652	2,379021762
P046	2,29740588	2,240750866	2,210863019
P047	2,283085198	2,287660348	2,273789697
P048	2,260844074	2,212999768	2,254291323
P049	2,282464259	2,298860343	2,332163411
P050	2,265089025	2,382606932	2,257679728
P051	2,293608652	2,274177944	2,291268036
P052	2,241992079	2,292601756	2,289073499
P053	2,343645337	2,214018381	2,391520372
P054	2,319733178	2,29796595	2,276713164
P055	2,191591517	2,302709965	2,351971149
P056	2,323426515	2,203512271	2,239996659
P057	2,268382307	2,326109722	2,369384132
P058	2,331298475	2,270471327	2,303270031
P059	2,354527165	2,213323155	2,305128547
P060	2,306634472	2,18199553	2,364571743
P061	2,338126206	2,292512356	2,365884933
P062	2,175918002	2,24644021	2,319670841
P063	2,252834411	2,190961549	2,226153393
P064	2,240281548	2,185525077	2,270180482
P065	2,271136279	2,212410289	2,407341934
P066	2,394741336	2,329930788	2,213348518
P067	2,13031729	2,366419496	2,296389908
P068	2,308400768	2,214795622	2,103193053
P069	2,325371266	2,313224391	2,386389637
P070	2,174576567	2,273665545	2,177168914
P071	2,214351777	2,206861097	2,336668695
P072	2,257735673	2,290276529	2,213659292
P073	2,173146098	2,264585527	2,388700264
P074	2,363838118	2,300033494	2,344316412
P075	2,279402592	2,207920281	2,366378152
P076	2,370442462	2,265204353	2,389647436
