
| P003 | BlueY   | 1,333333333 | 2,666666667 | 2,666666667 | 6,666666667 | 4           | 1,333333333 | 4           | 17,33333333 | 4           | 0           | 12          | 9,333333333 | 10,66666667 | 24          |
|------|---------|-------------|-------------|-------------|-------------|-------------|-------------|-------------|-------------|-------------|-------------|-------------|-------------|-------------|-------------|
|      | GreenX  | 0           | 4           | 10,66666667 | 4           | 2,666666667 | 8           | 2,666666667 | 30,66666667 | 6,666666667 | 1,333333333 | 8           | 8           | 4           | 9,333333333 |
|      | OrangeZ | 2,666666667 | 5,333333333 | 8           | 6,666666667 | 2,666666667 | 1,333333333 | 0           | 29,33333333 | 10,66666667 | 2,666666667 | 6,666666667 | 5,333333333 | 6,666666667 | 12          |
| P004 | BlueY   | 2,666666667 | 5,333333333 | 4           | 1,333333333 | 2,666666667 | 2,666666667 | 5,333333333 | 26,66666667 | 4           | 4           | 6,666666667 | 8           | 8           | 18,66666667 |
|      | GreenX  | 2,666666667 | 1,333333333 | 6,666666667 | 5,333333333 | 1,333333333 | 8           | 2,666666667 | 21,33333333 | 4           | 2,666666667 | 6,666666667 | 6,666666667 | 9,333333333 | 21,33333333 |
|      | OrangeZ | 0           | 1,333333333 | 5,333333333 | 6,666666667 | 5,333333333 | 4           | 1,333333333 | 30,66666667 | 9,333333333 | 2,666666667 | 10,66666667 | 4           | 2,666666667 | 16          |
| P005 | BlueY   | 1,333333333 | 6,666666667 | 6,666666667 | 5,333333333 | 2,666666667 | 4           | 1,333333333 | 24          | 6,666666667 | 2,666666667 | 13,33333333 | 6,666666667 | 12          | 6,666666667 |
|      | GreenX  | 1,333333333 | 8           | 1,333333333 | 8           | 4           | 6,666666667 | 0           | 32          | 2,666666667 | 1,333333333 | 6,666666667 | 9,333333333 | 5,333333333 | 13,33333333 |
|      | OrangeZ | 0           | 8           | 5,333333333 | 6,666666667 | 6,666666667 | 6,666666667 | 1,333333333 | 25,33333333 | 13,33333333 | 2,666666667 | 5,333333333 | 6,666666667 | 2,666666667 | 9,333333333 |
| P006 | BlueY   | 1,333333333 | 6,666666667 | 2,666666667 | 14,66666667 | 0           | 4           | 2,666666667 | 22,66666667 | 5,333333333 | 4           | 16          | 5,333333333 | 2,666666667 | 12          |
|      | GreenX  | 2,666666667 | 4           | 6,666666667 | 1,333333333 | 4           | 2,666666667 | 5,333333333 | 28          | 10,66666667 | 2,666666667 | 4           | 6,666666667 | 6,666666667 | 14,66666667 |
|      | OrangeZ | 2,666666667 | 4           | 5,333333333 | 1,333333333 | 1,333333333 | 5,333333333 | 1,333333333 | 30,66666667 | 5,333333333 | 5,333333333 | 6,666666667 | 6,666666667 | 6,666666667 | 17,33333333 |
| P007 | BlueY   | 1,333333333 | 1,333333333 | 1,333333333 | 4           | 2,666666667 | 8           | 5,333333333 | 28          | 0           | 0           | 12          | 10,66666667 | 6,666666667 | 18,66666667 |
|      | GreenX  | 2,666666667 | 4           | 1,333333333 | 8           | 1,333333333 | 9,333333333 | 2,666666667 | 28          | 6,666666667 | 0           | 6,666666667 | 9,333333333 | 5,333333333 | 14,66666667 |
|      | OrangeZ | 0           | 4           | 8           | 4           | 2,666666667 | 5,333333333 | 5,333333333 | 22,66666667 | 9,333333333 | 0           | 1,333333333 | 5,333333333 | 13,33333333 | 18,66666667 |
| P008 | BlueY   | 4           | 4           | 4           | 4           | 4           | 2,666666667 | 4           | 29,33333333 | 4           | 2,666666667 | 4           | 8           | 10,66666667 | 14,66666667 |
|      | GreenX  | 1,333333333 | 5,333333333 | 6,666666667 | 2,666666667 | 4           | 6,666666667 | 2,666666667 | 25,33333333 | 2,666666667 | 0           | 12          | 4           | 9,333333333 | 17,33333333 |
|      | OrangeZ | 0           | 8           | 6,666666667 | 13,33333333 | 0           | 5,333333333 | 2,666666667 | 29,33333333 | 6,666666667 | 1,333333333 | 5,333333333 | 5,333333333 | 6,666666667 | 9,333333333 |
| P009 | BlueY   | 0           | 0           | 8           | 5,333333333 | 2,666666667 | 4           | 5,333333333 | 33,33333333 | 5,333333333 | 1,333333333 | 5,333333333 | 8           | 4           | 17,33333333 |
|      | GreenX  | 1,333333333 | 4           | 1,333333333 | 4           | 2,666666667 | 4           | 4           | 25,33333333 | 10,66666667 | 1,333333333 | 6,666666667 | 12          | 5,333333333 | 17,33333333 |
|      | OrangeZ | 4           | 1,333333333 | 4           | 6,666666667 | 2,666666667 | 2,666666667 | 1,333333333 | 24          | 4           | 1,333333333 | 6,666666667 | 9,333333333 | 10,66666667 | 21,33333333 |
| P010 | BlueY   | 4           | 6,666666667 | 1,333333333 | 6,666666667 | 4           | 5,333333333 | 9,333333333 | 26,66666667 | 6,666666667 | 1,333333333 | 5,333333333 | 4           | 5,333333333 | 13,33333333 |
|      | GreenX  | 2,666666667 | 8           | 8           | 2,666666667 | 2,666666667 | 4           | 1,333333333 | 29,33333333 | 5,333333333 | 1,333333333 | 12          | 8           | 1,333333333 | 13,33333333 |
|      | OrangeZ | 2,666666667 | 5,333333333 | 1,333333333 | 8           | 0           | 4           | 1,333333333 | 26,66666667 | 5,333333333 | 5,333333333 | 10,66666667 | 5,333333333 | 9,333333333 | 14,66666667 |
| P011 | BlueY   | 1,333333333 | 2,666666667 | 1,333333333 | 5,333333333 | 4           | 2,666666667 | 2,666666667 | 28          | 8           | 2,666666667 | 9,333333333 | 6,666666667 | 12          | 13,33333333 |
|      | GreenX  | 4           | 1,333333333 | 6,666666667 | 10,66666667 | 4           | 5,333333333 | 5,333333333 | 37,33333333 | 4           | 5,333333333 | 6,666666667 | 2,666666667 | 4           | 2,666666667 |
|      | OrangeZ | 4           | 2,666666667 | 4           | 5,333333333 | 1,333333333 | 5,333333333 | 4           | 22,66666667 | 5,333333333 | 2,666666667 | 5,333333333 | 8           | 13,33333333 | 16          |
| P012 | BlueY   | 1,333333333 | 2,666666667 | 4           | 9,333333333 | 4           | 5,333333333 | 2,666666667 | 28          | 4           | 1,333333333 | 8           | 10,66666667 | 5,333333333 | 13,33333333 |
|      | GreenX  | 2,666666667 | 1,333333333 | 4           | 5,333333333 | 8           | 4           | 5,333333333 | 22,66666667 | 2,666666667 | 2,666666667 | 9,333333333 | 10,66666667 | 4           | 17,33333333 |
|      | OrangeZ | 2,666666667 | 8           | 5,333333333 | 9,333333333 | 2,666666667 | 5,333333333 | 2,666666667 | 26,66666667 | 2,666666667 | 1,333333333 | 10,66666667 | 6,666666667 | 4           | 12          |
| P013 | BlueY   | 2,666666667 | 4           | 2,666666667 | 1,333333333 | 5,333333333 | 2,666666667 | 5,333333333 | 30,66666667 | 5,333333333 | 0           | 13,33333333 | 9,333333333 | 6,666666667 | 10,66666667 |
|      | GreenX  | 4           | 2,666666667 | 1,333333333 | 5,333333333 | 1,333333333 | 5,333333333 | 1,333333333 | 25,33333333 | 8           | 4           | 2,666666667 | 8           | 8           | 22,66666667 |
|      | OrangeZ | 2,666666667 | 2,666666667 | 4           | 5,333333333 | 2,666666667 | 1,333333333 | 1,333333333 | 25,33333333 | 6,666666667 | 4           | 13,33333333 | 8           | 9,333333333 | 13,33333333 |
