
period_label	avatar	cortisol	dopamine	serotonin	fatigue	  entropy_cortisol	anomaly_cortisol	rest_drive
P001	        BlueY	  0,696587	0,622547	0,542387	0,357907	2,243788	        0,167719	        0,840787
	            GreenX	0,627067	0,61576	  0,56796	  0,206267	2,151239	       -2,685172	        0,68936
	            OrangeZ	0,702747	0,63612	  0,594867	0,287293	2,182785	        0,578627	        0,797827
P002	        BlueY	  0,642733	0,609133	0,52692	  0,26684	  2,215424	        -0,752931	        0,830813
	            GreenX	0,637507	0,617027	0,568133	0,158787	2,183992	        -2,473799	        0,703013
	            OrangeZ	0,640813	0,616827	0,555453	0,243987	2,185101	        -0,650043	        0,84084
P003	        BlueY	  0,715587	0,60212	  0,476653	0,40024	  2,213204	         0,492533	        0,928307
	            GreenX	0,628187	0,607693	0,542987	0,186787	2,154006	         -2,662496	      0,731187
	            OrangeZ	0,636693	0,62068	  0,547693	0,21872	  2,250769	         -0,731778	      0,82436
P004	        BlueY	  0,762587	0,61132	  0,475907	0,297413	2,197958	        1,296022	        0,86668
	            GreenX	0,659067	0,6032	  0,52012	  0,31028	  2,240988	        -2,037286	        0,8572
	            OrangeZ	0,629813	0,61948	  0,549987	0,18424	  2,17721	          -0,868267	        0,786573
P005	        BlueY	  0,735333	0,615693	0,489813	0,302987	2,108149	        0,830112	        0,861307
	            GreenX	0,686413	0,61144	  0,508933	0,23448	  2,228624	        -1,483612	        0,798907
	            OrangeZ	0,691453	0,61976	  0,53592	  0,276373	2,304767	        0,354584	        0,871027
P006	        BlueY	  0,765613	0,610853	0,468347	0,378133	2,18039	          1,347764	        0,9206
	            GreenX	0,731787	0,60504	  0,475547	0,276667	2,247958	        -0,564963	        0,844573
	            OrangeZ	0,683827	0,621853	0,5186	  0,234933	2,137067	          0,203281	      0,852307
P007	        BlueY	  0,6394	  0,60864	  0,47928	  0,257867	2,214758	        -0,809916	        0,848173
	            GreenX	0,7054	  0,609987	0,4756	  0,24204	  2,187963	        -1,099199	        0,810893
	            OrangeZ	0,679093	0,61492	  0,52032	  0,3118	  2,228599	        0,109379	        0,90512
P008	        BlueY	  0,664187	0,608827	0,487307	0,233347	2,18308	          -0,386176	        0,81332
	            GreenX	0,737747	0,606973	0,48192	  0,31124	  2,263465	        -0,444294	        0,87496
	            OrangeZ	0,661507	0,62324	0,512453	  0,21788	  2,188642	        -0,239516	        0,8372
